1 4
2 5
3 5
4 1
5 4
6 3
7 1
8 4
9 4
10 3
11 1
12 1
13 5
14 4
15 4
16 4
17 3
18 4
19 2
20 4
21 6
22 4
23 5
24 7
25 4
26 4
27 7
28 4
29 3
30 5
31 4
32 7
33 1
34 5
35 3
36 1
37 2
38 6
39 5
40 5
41 4
42 7
43 7
44 5
45 4
46 4
47 3
48 6
49 4
50 5
51 6
52 4
53 1
54 3
55 2
56 5
57 7
58 4
59 3
60 3
61 1
62 1
63 1
64 5
65 3
66 1
67 5
68 6
69 3
70 7
71 6
72 3
73 3
74 3
75 1
76 5
77 6
78 7
79 5
80 1
81 1
82 1
83 5
84 3
85 5
86 2
87 5
88 7
89 1
90 5
91 3
92 5
93 7
94 7
95 1
96 1
97 7
98 6
99 1
100 7
101 1
102 3
103 2
104 2
105 2
106 3
107 7
108 6
109 7
110 2
111 3
112 3
113 2
114 6
115 6
116 6
117 7
118 6
119 7
120 6
121 6
122 2
123 7
124 7
125 2
126 6
127 2
128 7
129 6
130 6
131 6
132 2
133 6
134 2
135 2
136 2
137 2
138 2
139 2
140 2
